0,声学三角钢琴,0,127
1,明亮的声学钢琴,0,127
2,电动三角钢琴,0,127
3,低级夜总会钢琴,0,127
4,电钢琴1,0,127
5,电钢琴2,0,127
6,大键琴,0,127
7,古钢琴,0,127
8,钢片琴,0,127
9,铁琴,0,127
10,音乐盒,0,127
11,电颤琴,0,127
12,马林巴,0,127
13,木琴,0,127
14,管钟,0,127
15,扬琴,0,127
16,拉杆风琴,0,127
17,撞击式风琴,0,127
18,摇滚风琴,0,127
19,教堂风琴,0,127
20,簧风琴,0,127
21,手风琴,0,127
22,口琴,0,127
23,探戈手风琴,0,127
24,木吉他（尼龙）,0,127
25,木吉他（钢）,0,127
26,电吉他（爵士）,0,127
27,电吉他（清洁）,0,127
28,电吉他（静音）,0,127
29,过载的吉他,0,127
30,失真吉他,0,127
31,吉他谐波,0,127
32,声学低音,0,127
33,电贝司（手指）,0,127
34,电贝司（选秀）,0,127
35,无品贝司,0,127
36,拍击低音1,0,127
37,拍击低音2,0,127
38,合成贝司1,0,127
39,合成贝司2,0,127
40,小提琴,55,103
41,中提琴,48,91
42,大提琴,0,127
43,低音提琴,0,127
44,颤音弦乐,0,127
45,拨弦弦乐,0,127
46,管弦乐竖琴,0,127
47,定音鼓,0,127
48,弦乐合奏1,0,127
49,弦乐合奏2,0,127
50,合成器弦乐1,0,127
51,合成器弦乐2,0,127
52,合唱团赞叹之余,0,127
53,语音惊呼,0,127
54,合成器合唱团,0,127
55,乐团命中,0,127
56,小号,0,127
57,长号,0,127
58,大号,0,127
59,静音小号,0,127
60,圆号,0,127
61,黄铜科,0,127
62,合成器铜管1,0,127
63,合成器铜管2,0,127
64,高音萨克斯,0,127
65,中音萨克斯,0,127
66,次中音萨克斯,0,127
67,低音萨克斯,0,127
68,双簧管,0,127
69,英语角,0,127
70,巴松管,0,127
71,单簧管,0,127
72,短笛,0,127
73,长笛,0,127
74,录像机,0,127
75,排箫,0,127
76,吹瓶,0,127
77,尺八,0,127
78,口哨,0,127
79,陶笛,0,127
80,铅1（方形）,0,127
81,铅2（锯齿波）,0,127
82,铅3（颏）,0,127
83,铅4 chiff,0,127
84,铅5（charang）,0,127
85,铅6（音）,0,127
86,铅7（五分之二）,0,127
87,铅8（低音+铅）,0,127
88,垫1（新时代）,0,127
89,垫2（暖）,0,127
90,键盘3（polysynth）,0,127
91,垫4（合唱）,0,127
92,垫5（鞠躬）,0,127
93,垫6（金属）,0,127
94,垫7（卤）,0,127
95,垫8（扫描）,0,127
96,FX 1（雨）,0,127
97,FX 2（配乐）,0,127
98,FX 3（水晶）,0,127
99,FX 4（大气）,0,127
100,FX 5（亮度）,0,127
101,FX 6（妖精）,0,127
102,FX 7（回声）,0,127
103,FX 8（科幻）,0,127
104,西塔,0,127
105,班卓琴,0,127
106,三味线,0,127
107,江东,0,127
108,的Kalimba,0,127
109,风笛,0,127
110,小提琴,0,127
111,山隘,0,127
112,叮当声贝尔,0,127
113,Agogo,0,127
114,钢鼓,0,127
115,木版,0,127
116,太鼓,0,127
117,旋律汤姆,0,127
118,合成器鼓,0,127
119,反向钹,0,127
120,吉他钢丝噪音,0,127
121,呼吸声,0,127
122,海滨,0,127
123,波导分享Tweet,0,127
124,电话振铃,0,127
125,直升机,0,127
126,掌声,0,127
127,一声枪响,0,127